   team experience salary points3 points2 points1 points off_rebounds def_rebounds assists
1   ATL        100  93.41     660    2337    1453   8107          832         2676    1846
2   BOS         63  91.92     985    2183    1536   8857          744         2698    2069
3   BRK         70  76.21     777    2040    1444   7855          689         2697    1664
4   CHI         59  92.48     565    2162    1330   7349          865         2419    1746
5   CHO         63  88.50     808    2089    1497   8099          621         2615    1806
6   CLE        145 127.25    1030    2148    1384   8770          735         2673    1779
7   DAL         65  92.83     712    1754    1007   6651          521         2063    1183
8   DEN         83  79.04     868    2351    1477   8783          872         2660    2015
9   DET         55 103.07     631    2638    1140   8309          908         2838    1732
10  GSW        113 100.22     982    2545    1455   9491          770         2869    2486
11  HOU         70  87.39    1140    2011    1623   9065          857         2608    1969
12  IND         95  92.60     709    2512    1467   8618          742         2702    1844
13  LAC        124 114.77     841    2401    1586   8911          738         2790    1848
14  LAL         65  85.11     582    2069    1021   6905          789         2213    1334
15  MEM         90 108.94     757    2176    1489   8112          880         2582    1725
16  MIA         63  72.94     799    2349    1217   8312          856         2648    1728
17  MIL         83 104.65     720    2462    1413   8497          723         2589    1984
18  MIN         48  59.88     599    2607    1580   8591          932         2516    1924
19  NOP         78  94.03     519    1956    1128   6597          580         2248    1531
20  NYK         59  97.10     636    2445    1262   8060          962         2592    1499
21  OKC         55  86.97     611    2380    1511   8104          936         2628    1610
22  ORL         62 104.10     618    2178    1232   7442          707         2452    1760
23  PHI         39  56.30     718    1960    1225   7299          690         2354    1816
24  PHO         73  73.27     569    2554    1615   8430          882         2464    1531
25  POR         43 102.48     847    2148    1386   8223          706         2428    1508
26  SAC         77  88.28     562    1838     998   6360          525         1876    1402
27  SAS         99 105.39     753    2469    1440   8637          821         2777    1954
28  TOR         57 108.45     626    2359    1570   8166          847         2535    1469
29  UTA         71  80.32     791    2242    1401   8258          771         2774    1651
30  WAS         57 100.78     718    2526    1368   8574          806         2564    1893
   steals blocks turnovers fouls sum.efficiency.
1     645    381      1201  1432        147.2123
2     617    340      1037  1686        148.2395
3     568    382      1212  1620        167.0333
4     605    339       956  1275        139.0978
5     543    316       820  1177        141.5019
6     483    304      1020  1356        182.0806
7     507    257       674  1229        144.6322
8     543    286      1102  1475        172.2445
9     574    310       932  1467        136.4089
10    782    554      1179  1581        175.3384
11    617    331      1113  1473        165.2848
12    669    409      1087  1597        148.7141
13    612    347      1022  1626        147.0737
14    510    267       972  1444        131.4561
15    629    335       993  1798        147.5533
16    579    464      1019  1647        152.1863
17    666    436      1096  1660        161.2450
18    641    368      1085  1620        140.7781
19    502    380       828  1168        175.1662
20    526    451       975  1584        143.9152
21    595    395      1133  1561        146.9182
22    546    305       987  1445        133.1438
23    613    375      1197  1573        172.9546
24    588    385      1171  1887        149.2347
25    522    342       978  1581        141.7957
26    506    232       850  1303        155.8247
27    655    484      1057  1498        149.7043
28    620    379       932  1609        158.7556
29    550    410      1060  1545        145.8056
30    655    325      1062  1643        147.8051
